0.00 1.00 0.00
0.10 1.10 0.10
0.20 1.18 0.20
0.30 1.25 0.30
0.40 1.31 0.40
0.51 1.36 0.51
0.61 1.39 0.61
0.71 1.41 0.71
0.81 1.41 0.81
0.91 1.40 0.91
1.01 1.38 1.01
1.11 1.34 1.11
1.21 1.29 1.21
1.31 1.22 1.31
1.41 1.14 1.41
1.52 1.05 1.52
1.62 0.95 1.62
1.72 0.84 1.72
1.82 0.72 1.82
1.92 0.60 1.92
2.02 0.47 2.02
2.12 0.33 2.12
2.22 0.19 2.22
2.32 0.05 2.32
2.42 -0.10 2.42
2.53 -0.24 2.53
2.63 -0.38 2.63
2.73 -0.51 2.73
2.83 -0.64 2.83
2.93 -0.77 2.93
3.03 -0.88 3.03
3.13 -0.99 3.13
3.23 -1.09 3.23
3.33 -1.17 3.33
3.43 -1.25 3.43
3.54 -1.31 3.54
3.64 -1.35 3.64
3.74 -1.39 3.74
3.84 -1.41 3.84
3.94 -1.41 3.94
4.04 -1.41 4.04
4.14 -1.38 4.14
4.24 -1.34 4.24
4.34 -1.29 4.34
4.44 -1.23 4.44
4.55 -1.15 4.55
4.65 -1.06 4.65
4.75 -0.96 4.75
4.85 -0.86 4.85
4.95 -0.74 4.95
5.05 -0.61 5.05
5.15 -0.48 5.15
5.25 -0.34 5.25
5.35 -0.20 5.35
5.45 -0.06 5.45
5.56 0.08 5.56
5.66 0.22 5.66
5.76 0.36 5.76
5.86 0.50 5.86
5.96 0.63 5.96
6.06 0.75 6.06
6.16 0.87 6.16
6.26 0.98 6.26
6.36 1.08 6.36
6.46 1.16 6.46
6.57 1.24 6.57
6.67 1.30 6.67
6.77 1.35 6.77
6.87 1.39 6.87
6.97 1.41 6.97
7.07 1.41 7.07
7.17 1.41 7.17
7.27 1.38 7.27
7.37 1.35 7.37
7.47 1.30 7.47
7.58 1.24 7.58
7.68 1.16 7.68
7.78 1.07 7.78
7.88 0.97 7.88
7.98 0.87 7.98
8.08 0.75 8.08
8.18 0.62 8.18
8.28 0.49 8.28
8.38 0.36 8.38
8.48 0.22 8.48
8.59 0.08 8.59
8.69 -0.07 8.69
8.79 -0.21 8.79
8.89 -0.35 8.89
8.99 -0.49 8.99
9.09 -0.62 9.09
9.19 -0.74 9.19
9.29 -0.86 9.29
9.39 -0.97 9.39
9.49 -1.07 9.49
9.60 -1.16 9.60
9.70 -1.23 9.70
9.80 -1.30 9.80
9.90 -1.35 9.90
10.00 -1.38 10.00