0.00 1.00 0.00
0.10 1.05 0.10
0.20 1.10 0.20
0.30 1.15 0.30
0.40 1.20 0.40
0.50 1.25 0.50
0.60 1.30 0.60
0.70 1.35 0.70
0.80 1.40 0.80
0.90 1.45 0.90
1.00 1.50 1.00
1.10 1.55 1.10
1.20 1.60 1.20
1.30 1.65 1.30
1.40 1.70 1.40
1.50 1.75 1.50
1.60 1.80 1.60
1.70 1.85 1.70
1.80 1.90 1.80
1.90 1.95 1.90
2.00 2.00 2.00
2.10 2.05 2.10
2.20 2.10 2.20
2.30 2.15 2.30
2.40 2.20 2.40
2.50 2.25 2.50
2.60 2.30 2.60
2.70 2.35 2.70
2.80 2.40 2.80
2.90 2.45 2.90
3.00 2.50 3.00
3.10 2.55 3.10
3.20 2.60 3.20
3.30 2.65 3.30
3.40 2.70 3.40
3.50 2.75 3.50
3.60 2.80 3.60
3.70 2.85 3.70
3.80 2.90 3.80
3.90 2.95 3.90
4.00 3.00 4.00
4.10 3.05 4.10
4.20 3.10 4.20
4.30 3.15 4.30
4.40 3.20 4.40
4.50 3.25 4.50
4.60 3.30 4.60
4.70 3.35 4.70
4.80 3.40 4.80
4.90 3.45 4.90
5.00 3.50 5.00
5.10 3.55 5.10
5.20 3.60 5.20
5.30 3.65 5.30
5.40 3.70 5.40
5.50 3.75 5.50
5.60 3.80 5.60
5.70 3.85 5.70
5.80 3.90 5.80
5.90 3.95 5.90
6.00 4.00 6.00
6.10 4.05 6.10
6.20 4.10 6.20
6.30 4.15 6.30
6.40 4.20 6.40
6.50 4.25 6.50
6.60 4.30 6.60
6.70 4.35 6.70
6.80 4.40 6.80
6.90 4.45 6.90
7.00 4.50 7.00
7.10 4.55 7.10
7.20 4.60 7.20
7.30 4.65 7.30
7.40 4.70 7.40
7.50 4.75 7.50
7.60 4.80 7.60
7.70 4.85 7.70
7.80 4.90 7.80
7.90 4.95 7.90
8.00 5.00 8.00
8.10 5.05 8.10
8.20 5.10 8.20
8.30 5.15 8.30
8.40 5.20 8.40
8.50 5.25 8.50
8.60 5.30 8.60
8.70 5.35 8.70
8.80 5.40 8.80
8.90 5.45 8.90
9.00 5.50 9.00
9.10 5.55 9.10
9.20 5.60 9.20
9.30 5.65 9.30
9.40 5.70 9.40
9.50 5.75 9.50
9.60 5.80 9.60
9.70 5.85 9.70
9.80 5.90 9.80
9.90 5.95 9.90
10.00 6.00 10.00